              precision    recall  f1-score   support

           0       0.32      1.00      0.48     17022
           1       0.84      0.80      0.82    164973
           2       0.71      0.94      0.81    189194
           3       1.00      1.00      1.00    192312
           4       1.00      0.67      0.80    264002
           5       0.99      0.99      0.99     11088

    accuracy                           0.84    838591
   macro avg       0.81      0.90      0.82    838591
weighted avg       0.89      0.84      0.85    838591
