              precision    recall  f1-score   support

           0       0.43      1.00      0.60     10213
           1       0.89      0.85      0.87     73449
           2       0.68      0.91      0.77     44439
           3       1.00      1.00      1.00    184885
           4       1.00      0.77      0.87    108502
           5       0.97      1.00      0.98      9925

    accuracy                           0.91    431413
   macro avg       0.83      0.92      0.85    431413
weighted avg       0.93      0.91      0.91    431413
