              precision    recall  f1-score   support

           0       0.20      1.00      0.34      5289
           1       0.80      0.76      0.78     80743
           2       0.69      0.94      0.80    108955
           3       0.99      1.00      0.99      2446
           4       1.00      0.57      0.73    134284
           5       0.92      0.97      0.94       492

    accuracy                           0.75    332209
   macro avg       0.77      0.87      0.76    332209
weighted avg       0.84      0.75      0.76    332209
