              precision    recall  f1-score   support

           0       0.30      1.00      0.47     16387
           1       0.84      0.80      0.82    163785
           2       0.73      0.93      0.82    194958
           3       0.99      1.00      1.00    191278
           4       1.00      0.67      0.80    261483
           5       0.95      0.99      0.97     10700

    accuracy                           0.84    838591
   macro avg       0.80      0.90      0.81    838591
weighted avg       0.89      0.84      0.85    838591
