              precision    recall  f1-score   support

           0       0.48      1.00      0.65     41043
           1       0.92      0.92      0.92    361387
           2       1.00      0.90      0.95    450146
           3       1.00      1.00      1.00    133473
           4       0.88      0.93      0.90     10224
           5       0.99      0.97      0.98      5734

    accuracy                           0.92   1002007
   macro avg       0.88      0.95      0.90   1002007
weighted avg       0.95      0.92      0.93   1002007
