              precision    recall  f1-score   support

           0       0.41      1.00      0.59      9818
           1       0.89      0.85      0.87     73172
           2       0.70      0.90      0.78     45940
           3       0.99      1.00      1.00    184040
           4       1.00      0.77      0.87    108661
           5       0.96      1.00      0.98      9782

    accuracy                           0.90    431413
   macro avg       0.83      0.92      0.85    431413
weighted avg       0.93      0.90      0.91    431413
