              precision    recall  f1-score   support

           0       0.50      1.00      0.67     42877
           1       0.92      0.92      0.92    365081
           2       1.00      0.91      0.95    442600
           3       1.00      1.00      1.00    134045
           4       1.00      0.93      0.96     11590
           5       1.00      0.97      0.98      5814

    accuracy                           0.93   1002007
   macro avg       0.90      0.95      0.92   1002007
weighted avg       0.95      0.93      0.94   1002007
