              precision    recall  f1-score   support

           0       0.38      1.00      0.55      1522
           1       0.85      0.79      0.82     10844
           2       0.86      0.97      0.91     35855
           3       0.99      1.00      1.00      4924
           4       1.00      0.71      0.83     21359
           5       0.97      0.97      0.97       465

    accuracy                           0.87     74969
   macro avg       0.84      0.91      0.85     74969
weighted avg       0.90      0.87      0.87     74969
