              precision    recall  f1-score   support

           0       1.00      1.00      1.00    147273
           1       1.00      1.00      1.00    307065
           2       1.00      1.00      1.00    563006
           3       1.00      1.00      1.00    134505
           4       1.00      1.00      1.00     15321
           5       1.00      1.00      1.00      5306

    accuracy                           1.00   1172476
   macro avg       1.00      1.00      1.00   1172476
weighted avg       1.00      1.00      1.00   1172476
